1900.0 7.84 44.57  33196.9  46597.8  32887.0   4525.5  32700.5  -3.14  -3.40  -43.1  -15.1  -46.8   24.2   22.2
1901.0 7.89 44.63  33153.8  46582.7  32840.2   4549.7  32722.7  -3.14  -3.40  -43.1  -15.1  -46.8   24.2   22.2
1902.0 7.94 44.68  33110.8  46567.8  32793.3   4573.9  32745.0  -3.14  -3.40  -43.1  -15.1  -46.8   24.2   22.2
1903.0 7.99 44.74  33067.8  46552.8  32746.5   4598.1  32767.2  -3.14  -3.40  -43.1  -15.1  -46.8   24.2   22.2
1904.0 8.05 44.80  33024.8  46538.0  32699.7   4622.3  32789.4  -3.14  -3.40  -43.1  -15.1  -46.8   24.2   22.2
1905.0 8.10 44.85  32981.9  46523.2  32652.9   4646.5  32811.7  -4.06  -4.78  -61.5  -22.4  -66.4   29.9   30.0
1906.0 8.17 44.93  32920.4  46500.8  32586.5   4676.4  32841.7  -4.06  -4.78  -61.5  -22.4  -66.4   29.9   30.0
1907.0 8.23 45.01  32858.9  46478.6  32520.1   4706.3  32871.7  -4.06  -4.78  -61.5  -22.4  -66.4   29.9   30.0
1908.0 8.30 45.09  32797.5  46456.4  32453.7   4736.2  32901.7  -4.06  -4.78  -61.5  -22.4  -66.4   29.9   30.0
1909.0 8.37 45.17  32736.1  46434.4  32387.3   4766.0  32931.8  -4.06  -4.78  -61.5  -22.4  -66.4   29.9   30.0
1910.0 8.44 45.25  32674.8  46412.5  32320.9   4795.9  32961.8  -4.74  -4.99  -75.2  -38.8  -81.0   33.5   19.9
1911.0 8.52 45.33  32599.6  46373.8  32239.9   4829.4  32981.7  -4.74  -4.99  -75.2  -38.8  -81.0   33.5   19.9
1912.0 8.60 45.42  32524.6  46335.2  32159.0   4862.9  33001.5  -4.74  -4.99  -75.2  -38.8  -81.0   33.5   19.9
1913.0 8.68 45.50  32449.5  46296.7  32078.0   4896.4  33021.4  -4.74  -4.99  -75.2  -38.8  -81.0   33.5   19.9
1914.0 8.76 45.58  32374.6  46258.4  31997.0   4929.9  33041.3  -4.74  -4.99  -75.2  -38.8  -81.0   33.5   19.9
1915.0 8.84 45.67  32299.7  46220.2  31916.1   4963.4  33061.1  -3.88  -3.67  -72.1  -52.7  -76.9   24.9   -3.2
1916.0 8.90 45.73  32227.6  46167.6  31839.2   4988.3  33057.9  -3.88  -3.67  -72.1  -52.7  -76.9   24.9   -3.2
1917.0 8.97 45.79  32155.5  46115.0  31762.3   5013.3  33054.7  -3.88  -3.67  -72.1  -52.7  -76.9   24.9   -3.2
1918.0 9.03 45.85  32083.4  46062.4  31685.4   5038.2  33051.5  -3.88  -3.67  -72.1  -52.7  -76.9   24.9   -3.2
1919.0 9.10 45.91  32011.4  46010.0  31608.5   5063.2  33048.3  -3.88  -3.67  -72.1  -52.7  -76.9   24.9   -3.2
1920.0 9.17 45.97  31939.5  45957.7  31531.6   5088.1  33045.1  -2.26  -2.74  -65.0  -55.6  -67.5   10.4  -14.5
1921.0 9.20 46.02  31874.5  45902.1  31464.1   5098.5  33030.6  -2.26  -2.74  -65.0  -55.6  -67.5   10.4  -14.5
1922.0 9.24 46.07  31809.5  45846.6  31396.6   5108.9  33016.2  -2.26  -2.74  -65.0  -55.6  -67.5   10.4  -14.5
1923.0 9.28 46.11  31744.5  45791.2  31329.0   5119.3  33001.7  -2.26  -2.74  -65.0  -55.6  -67.5   10.4  -14.5
1924.0 9.32 46.16  31679.6  45735.7  31261.5   5129.7  32987.3  -2.26  -2.74  -65.0  -55.6  -67.5   10.4  -14.5
1925.0 9.36 46.20  31614.7  45680.3  31194.0   5140.2  32972.8  -2.19  -2.65  -62.5  -53.5  -64.9    9.7  -14.2
1926.0 9.39 46.25  31552.2  45626.9  31129.1   5149.9  32958.6  -2.19  -2.65  -62.5  -53.5  -64.9    9.7  -14.2
1927.0 9.43 46.29  31489.7  45573.4  31064.1   5159.6  32944.4  -2.19  -2.65  -62.5  -53.5  -64.9    9.7  -14.2
1928.0 9.47 46.34  31427.3  45520.0  30999.2   5169.3  32930.2  -2.19  -2.65  -62.5  -53.5  -64.9    9.7  -14.2
1929.0 9.50 46.38  31364.8  45466.7  30934.3   5179.0  32916.0  -2.19  -2.65  -62.5  -53.5  -64.9    9.7  -14.2
1930.0 9.54 46.43  31302.4  45413.3  30869.4   5188.7  32901.8  -2.44  -2.47  -51.5  -40.5  -54.5   13.4   -6.9
1931.0 9.58 46.47  31250.9  45372.9  30814.9   5202.0  32894.9  -2.44  -2.47  -51.5  -40.5  -54.5   13.4   -6.9
1932.0 9.62 46.51  31199.4  45332.4  30760.4   5215.4  32888.1  -2.44  -2.47  -51.5  -40.5  -54.5   13.4   -6.9
1933.0 9.66 46.55  31148.0  45292.0  30706.0   5228.7  32881.2  -2.44  -2.47  -51.5  -40.5  -54.5   13.4   -6.9
1934.0 9.70 46.59  31096.5  45251.7  30651.5   5242.1  32874.3  -2.44  -2.47  -51.5  -40.5  -54.5   13.4   -6.9
1935.0 9.75 46.63  31045.1  45211.3  30597.0   5255.4  32867.4  -1.49  -1.26  -34.7  -33.0  -36.5    7.4  -12.6
1936.0 9.77 46.65  31010.4  45178.4  30560.6   5262.8  32854.9  -1.49  -1.26  -34.7  -33.0  -36.5    7.4  -12.6
1937.0 9.80 46.68  30975.7  45145.5  30524.1   5270.2  32842.3  -1.49  -1.26  -34.7  -33.0  -36.5    7.4  -12.6
1938.0 9.82 46.70  30941.1  45112.5  30487.7   5277.6  32829.7  -1.49  -1.26  -34.7  -33.0  -36.5    7.4  -12.6
1939.0 9.85 46.72  30906.4  45079.6  30451.2   5285.0  32817.1  -1.49  -1.26  -34.7  -33.0  -36.5    7.4  -12.6
1940.0 9.87 46.74  30871.8  45046.7  30414.7   5292.4  32804.6  -0.25   2.11   -7.7  -40.7   -8.0    0.9  -48.6
1941.0 9.88 46.70  30864.1  45006.1  30406.8   5293.3  32756.0  -0.25   2.11   -7.7  -40.7   -8.0    0.9  -48.6
1942.0 9.88 46.67  30856.3  44965.4  30398.8   5294.2  32707.4  -0.25   2.11   -7.7  -40.7   -8.0    0.9  -48.6
1943.0 9.88 46.63  30848.6  44924.8  30390.8   5295.1  32658.9  -0.25   2.11   -7.7  -40.7   -8.0    0.9  -48.6
1944.0 9.89 46.60  30840.9  44884.2  30382.8   5295.9  32610.3  -0.25   2.11   -7.7  -40.7   -8.0    0.9  -48.6
1945.0 9.89 46.56  30833.2  44843.6  30374.8   5296.8  32561.7   2.31  -0.37  -26.6  -33.5  -22.6  -25.0  -21.0
1946.0 9.85 46.57  30806.6  44810.1  30352.2   5271.8  32540.7   2.31  -0.37  -26.6  -33.5  -22.6  -25.0  -21.0
1947.0 9.81 46.57  30780.1  44776.6  30329.6   5246.8  32519.7   2.31  -0.37  -26.6  -33.5  -22.6  -25.0  -21.0
1948.0 9.78 46.58  30753.5  44743.1  30307.0   5221.8  32498.7   2.31  -0.37  -26.6  -33.5  -22.6  -25.0  -21.0
1949.0 9.74 46.59  30727.0  44709.6  30284.4   5196.8  32477.7   2.31  -0.37  -26.6  -33.5  -22.6  -25.0  -21.0
1950.0 9.70 46.59  30700.5  44676.2  30261.7   5171.7  32456.7   2.03   0.81  -39.4  -68.6  -35.8  -24.6  -57.1
1951.0 9.66 46.58  30661.1  44607.6  30225.9   5147.2  32399.7   2.03   0.81  -39.4  -68.6  -35.8  -24.6  -57.1
1952.0 9.63 46.57  30621.6  44539.1  30190.1   5122.6  32342.6   2.03   0.81  -39.4  -68.6  -35.8  -24.6  -57.1
1953.0 9.60 46.55  30582.2  44470.5  30154.3   5098.1  32285.5   2.03   0.81  -39.4  -68.6  -35.8  -24.6  -57.1
1954.0 9.56 46.54  30542.8  44402.0  30118.5   5073.5  32228.4   2.03   0.81  -39.4  -68.6  -35.8  -24.6  -57.1
1955.0 9.53 46.52  30503.4  44333.5  30082.7   5049.0  32171.4   1.77   1.06  -14.7  -35.9  -11.9  -18.0  -35.5
1956.0 9.50 46.51  30488.7  44297.6  30070.8   5031.0  32135.9   1.77   1.06  -14.7  -35.9  -11.9  -18.0  -35.5
1957.0 9.47 46.49  30474.0  44261.8  30058.9   5013.1  32100.5   1.77   1.06  -14.7  -35.9  -11.9  -18.0  -35.5
1958.0 9.44 46.47  30459.3  44226.0  30047.0   4995.1  32065.0   1.77   1.06  -14.7  -35.9  -11.9  -18.0  -35.5
1959.0 9.41 46.45  30444.6  44190.1  30035.1   4977.2  32029.5   1.77   1.06  -14.7  -35.9  -11.9  -18.0  -35.5
1960.0 9.38 46.44  30430.0  44154.3  30023.1   4959.2  31994.1   3.12  -2.04  -46.8  -40.3  -41.7  -34.9  -11.2
1961.0 9.33 46.47  30383.2  44114.0  29981.5   4924.3  31982.9   3.12  -2.04  -46.8  -40.3  -41.7  -34.9  -11.2
1962.0 9.28 46.50  30336.4  44073.7  29939.8   4889.5  31971.7   3.12  -2.04  -46.8  -40.3  -41.7  -34.9  -11.2
1963.0 9.22 46.54  30289.7  44033.5  29898.2   4854.6  31960.6   3.12  -2.04  -46.8  -40.3  -41.7  -34.9  -11.2
1964.0 9.17 46.57  30243.0  43993.2  29856.5   4819.8  31949.4   3.12  -2.04  -46.8  -40.3  -41.7  -34.9  -11.2
1965.0 9.12 46.61  30196.3  43953.0  29814.8   4784.9  31938.2   3.94   0.04  -30.7  -45.2  -24.9  -39.0  -33.2
1966.0 9.05 46.61  30165.6  43907.8  29790.0   4745.9  31905.0   3.94   0.04  -30.7  -45.2  -24.9  -39.0  -33.2
1967.0 8.99 46.60  30135.0  43862.7  29765.1   4706.9  31871.9   3.94   0.04  -30.7  -45.2  -24.9  -39.0  -33.2
1968.0 8.92 46.60  30104.3  43817.5  29740.2   4667.9  31838.7   3.94   0.04  -30.7  -45.2  -24.9  -39.0  -33.2
1969.0 8.85 46.60  30073.8  43772.4  29715.4   4628.9  31805.5   3.94   0.04  -30.7  -45.2  -24.9  -39.0  -33.2
1970.0 8.79 46.60  30043.2  43727.3  29690.5   4589.9  31772.3   3.74   0.32  -34.8  -54.9  -29.4  -37.7  -42.7
1971.0 8.73 46.60  30008.4  43672.4  29661.1   4552.2  31729.7   3.74   0.32  -34.8  -54.9  -29.4  -37.7  -42.7
1972.0 8.66 46.59  29973.7  43617.5  29631.8   4514.6  31687.0   3.74   0.32  -34.8  -54.9  -29.4  -37.7  -42.7
1973.0 8.60 46.59  29939.0  43562.7  29602.4   4476.9  31644.4   3.74   0.32  -34.8  -54.9  -29.4  -37.7  -42.7
1974.0 8.54 46.58  29904.3  43507.9  29573.0   4439.3  31601.7   3.74   0.32  -34.8  -54.9  -29.4  -37.7  -42.7
1975.0 8.47 46.58  29869.7  43453.1  29543.6   4401.6  31559.1   4.12  -2.45  -70.4  -69.7  -64.4  -45.7  -29.4
1976.0 8.41 46.62  29799.3  43383.4  29479.2   4355.9  31529.7   4.12  -2.45  -70.4  -69.7  -64.4  -45.7  -29.4
1977.0 8.34 46.66  29729.0  43313.7  29414.9   4310.1  31500.3   4.12  -2.45  -70.4  -69.7  -64.4  -45.7  -29.4
1978.0 8.27 46.70  29658.7  43244.1  29350.5   4264.4  31470.9   4.12  -2.45  -70.4  -69.7  -64.4  -45.7  -29.4
1979.0 8.20 46.74  29588.4  43174.6  29286.1   4218.7  31441.5   4.12  -2.45  -70.4  -69.7  -64.4  -45.7  -29.4
1980.0 8.13 46.78  29518.2  43105.1  29221.8   4172.9  31412.1   2.17  -1.17  -49.1  -56.0  -45.9  -25.4  -30.7
1981.0 8.09 46.80  29469.2  43049.1  29175.8   4147.5  31381.4   2.17  -1.17  -49.1  -56.0  -45.9  -25.4  -30.7
1982.0 8.05 46.82  29420.1  42993.1  29129.9   4122.1  31350.7   2.17  -1.17  -49.1  -56.0  -45.9  -25.4  -30.7
1983.0 8.02 46.84  29371.1  42937.2  29084.0   4096.8  31320.0   2.17  -1.17  -49.1  -56.0  -45.9  -25.4  -30.7
1984.0 7.98 46.86  29322.1  42881.2  29038.0   4071.4  31289.3   2.17  -1.17  -49.1  -56.0  -45.9  -25.4  -30.7
1985.0 7.94 46.88  29273.1  42825.3  28992.1   4046.0  31258.5   2.69  -2.06  -53.7  -51.0  -50.0  -30.1  -19.7
1986.0 7.90 46.91  29219.4  42774.3  28942.1   4015.9  31238.9   2.69  -2.06  -53.7  -51.0  -50.0  -30.1  -19.7
1987.0 7.85 46.95  29165.8  42723.3  28892.2   3985.8  31219.2   2.69  -2.06  -53.7  -51.0  -50.0  -30.1  -19.7
1988.0 7.81 46.98  29112.2  42672.3  28842.2   3955.6  31199.5   2.69  -2.06  -53.7  -51.0  -50.0  -30.1  -19.7
1989.0 7.76 47.02  29058.6  42621.4  28792.2   3925.5  31179.8   2.69  -2.06  -53.7  -51.0  -50.0  -30.1  -19.7
1990.0 7.72 47.05  29005.0  42570.5  28742.3   3895.4  31160.2   1.72  -2.29  -50.5  -43.7  -48.1  -21.2  -12.7
1991.0 7.69 47.09  28954.5  42526.8  28694.1   3874.2  31147.5   1.72  -2.29  -50.5  -43.7  -48.1  -21.2  -12.7
1992.0 7.66 47.13  28904.0  42483.1  28646.0   3853.0  31134.8   1.72  -2.29  -50.5  -43.7  -48.1  -21.2  -12.7
1993.0 7.63 47.17  28853.5  42439.5  28597.9   3831.8  31122.2   1.72  -2.29  -50.5  -43.7  -48.1  -21.2  -12.7
1994.0 7.60 47.20  28803.0  42395.9  28549.8   3810.6  31109.5   1.72  -2.29  -50.5  -43.7  -48.1  -21.2  -12.7
1995.0 7.57 47.24  28752.5  42352.3  28501.7   3789.4  31096.8   3.67  -0.48  -53.6  -72.6  -49.1  -37.5  -49.3
1996.0 7.51 47.25  28698.9  42279.7  28452.6   3751.9  31047.5   3.67  -0.48  -53.6  -72.6  -49.1  -37.5  -49.3
1997.0 7.45 47.26  28645.3  42207.1  28403.5   3714.4  30998.2   3.67  -0.48  -53.6  -72.6  -49.1  -37.5  -49.3
1998.0 7.39 47.27  28591.8  42134.6  28354.4   3676.9  30948.9   3.67  -0.48  -53.6  -72.6  -49.1  -37.5  -49.3
1999.0 7.33 47.28  28538.3  42062.1  28305.3   3639.5  30899.6   3.67  -0.48  -53.6  -72.6  -49.1  -37.5  -49.3
2000.0 7.26 47.28  28484.8  41989.6  28256.2   3602.0  30850.3   5.13   0.52  -54.5  -87.3  -48.7  -49.1  -68.5
2001.0 7.18 47.27  28430.4  41902.4  28207.5   3552.9  30781.9   5.13   0.52  -54.5  -87.3  -48.7  -49.1  -68.5
2002.0 7.09 47.27  28375.9  41815.1  28158.8   3503.8  30713.4   5.13   0.52  -54.5  -87.3  -48.7  -49.1  -68.5
2003.0 7.01 47.26  28321.6  41728.0  28110.1   3454.7  30644.9   5.13   0.52  -54.5  -87.3  -48.7  -49.1  -68.5
2004.0 6.92 47.25  28267.3  41640.8  28061.4   3405.7  30576.4   5.13   0.52  -54.5  -87.3  -48.7  -49.1  -68.5
2005.0 6.83 47.24  28213.1  41553.8  28012.7   3356.6  30508.0   6.13   0.73  -54.9  -90.4  -48.5  -56.5  -72.3
2006.0 6.73 47.23  28158.3  41463.4  27964.2   3300.1  30435.7   6.13   0.73  -54.9  -90.4  -48.5  -56.5  -72.3
2007.0 6.63 47.21  28103.5  41373.2  27915.7   3243.6  30363.3   6.13   0.73  -54.9  -90.4  -48.5  -56.5  -72.3
2008.0 6.52 47.20  28048.8  41283.0  27867.2   3187.1  30291.0   6.13   0.73  -54.9  -90.4  -48.5  -56.5  -72.3
2009.0 6.42 47.19  27994.3  41192.9  27818.7   3130.6  30218.7   6.13   0.73  -54.9  -90.4  -48.5  -56.5  -72.3
2010.0 6.32 47.18  27939.8  41102.8  27770.2   3074.1  30146.4   6.23   0.74  -56.8  -93.0  -50.8  -56.6  -74.2
2011.0 6.21 47.16  27883.1  41009.8  27719.3   3017.5  30072.2   6.23   0.74  -56.8  -93.0  -50.8  -56.6  -74.2
2012.0 6.11 47.15  27826.5  40916.9  27668.5   2961.0  29998.0   6.23   0.74  -56.8  -93.0  -50.8  -56.6  -74.2
2013.0 6.00 47.14  27770.0  40824.1  27617.7   2904.4  29923.8   6.23   0.74  -56.8  -93.0  -50.8  -56.6  -74.2
2014.0 5.90 47.13  27713.5  40731.3  27566.8   2847.8  29849.7   6.23   0.74  -56.8  -93.0  -50.8  -56.6  -74.2
2015.0 5.79 47.11  27657.2  40638.6  27516.0   2791.2  29775.5   6.44   0.99  -53.5  -91.2  -48.0  -56.9  -74.8
2016.0 5.68 47.10  27603.7  40547.4  27468.0   2734.3  29700.6   6.44   0.99  -53.5  -91.2  -48.0  -56.9  -74.8
2017.0 5.58 47.08  27550.4  40456.3  27420.0   2677.4  29625.8   6.44   0.99  -53.5  -91.2  -48.0  -56.9  -74.8
2018.0 5.47 47.06  27497.1  40365.2  27371.9   2620.4  29551.0   6.44   0.99  -53.5  -91.2  -48.0  -56.9  -74.8
2019.0 5.36 47.04  27443.9  40274.3  27323.9   2563.5  29476.2   6.44   0.99  -53.5  -91.2  -48.0  -56.9  -74.8
2020.0 5.25 47.03  27390.8  40183.3  27275.9   2506.6  29401.4   7.41   1.57  -51.3  -95.0  -45.7  -63.5  -82.0
2021.0 5.13 47.00  27339.6  40088.4  27230.2   2443.1  29319.4   7.41   1.57  -51.3  -95.0  -45.7  -63.5  -82.0
2022.0 5.00 46.97  27288.4  39993.5  27184.5   2379.7  29237.4   7.41   1.57  -51.3  -95.0  -45.7  -63.5  -82.0
2023.0 4.88 46.95  27237.4  39898.7  27138.7   2316.2  29155.3   7.41   1.57  -51.3  -95.0  -45.7  -63.5  -82.0
2024.0 4.75 46.92  27186.5  39804.1  27093.0   2252.7  29073.3   7.41   1.57  -51.3  -95.0  -45.7  -63.5  -82.0
2025.0 4.63 46.89  27135.7  39709.5  27047.3   2189.3  28991.3   7.55   1.65  -50.7  -94.5  -45.7  -63.5  -82.0
